x,y,z,tx,ty,tz,qx,qy,qz,nx,ny,nz,s,kappa,psi,theta,phi
0.718584001064,0.901485979557,0.0999999940395,-0.0653214096826,0.996612158589,-0.0499731807066,-0.997842865426,-0.0655661077129,-0.00327130521494,-1.90958360236e-13,1.10958020116e-12,1,0,0.570035916029,0.0266804808275,0.0250142591423,1.63524505774
0.70731690887,1.00818574152,0.0946183553106,-0.15439226419,0.986734556145,-0.0501791238235,-0.987967764939,-0.154654018054,-0.00135282721199,-2.79469996407e-13,9.72213520627e-13,1,0.107292994034,1.12914127093,0.0293230380673,0.0251202507775,1.72490096202
0.685651908212,1.10597116128,0.0895788790796,-0.279528417155,0.958823748918,-0.0502083908608,-0.96004929344,-0.279828830858,0.00108608793852,-8.76694956865e-14,6.18412872994e-13,1,0.207449674148,1.30264218039,0.0334700829617,0.0251398259515,1.85320519537
0.650548456154,1.20236061686,0.0844497675971,-0.402180951071,0.914239186931,-0.0491649435665,-0.915560150037,-0.401582635162,0.0219316848523,-3.70087202325e-15,5.29481298216e-13,1,0.310032223802,1.27192463543,0.0376711621442,0.0246222895431,1.98383552615
0.604331696713,1.29153796184,0.0797834075856,-0.514564210728,0.856431468732,-0.0418188044255,-0.85451696777,-0.508160954605,0.107578789771,-3.70087202325e-15,5.29481298216e-13,1,0.410474185704,1.2297329716,-0.011831499942,0.0209199857739,2.11219257233
0.546524719272,1.37592595255,0.0764150001047,-0.60956913625,0.792417581668,-0.0223572000469,-0.775382376453,-0.590122084326,0.224806796775,1.66724788272e-13,8.52622144979e-14,1,0.512762892886,0.984339740556,-0.00550442297308,0.0111801348834,2.22659787044
0.481631053828,1.45370722617,0.0751566905977,-0.662860044779,0.748729439599,-0.00455931062295,-0.719630843288,-0.635393572495,0.280011530871,2.26542837766e-13,-8.2448831833e-14,1,0.614060051491,0.372206356276,-0.00102645907301,0.00227966797264,2.29544116505
0.413983960185,1.52908240337,0.0750023380896,-0.665248111017,0.746622348956,-0.000137210947923,0.74632776539,0.664990773662,0.0279667222456,6.0969745962e-13,-5.19711281389e-13,1,0.715339598368,0.247567251411,-3.07596088782e-05,6.86054739093e-05,2.29862241843
0.348439668442,1.60527222187,0.0750000030024,-0.636481777732,0.771291738977,-5.85375418183e-09,0.771291738974,0.636481777729,3.0761893215e-06,4.57522854238e-13,-5.18411973505e-13,1,0.815843044196,0.439321017746,-1.37960907284e-09,2.926531565e-09,2.26072449129
0.285558249339,1.68504680383,0.0750000362969,-0.601360098237,0.798978117494,3.73762748735e-06,0.798977838465,0.6013598843,0.000838567669402,3.78863552943e-13,-3.22613653457e-13,1,0.917420880335,0.437562678772,9.32420677018e-07,-1.86881398648e-06,2.2159986445
0.22643417852,1.76732980492,0.0750390723098,-0.56541602227,0.824803919796,0.00179322310893,0.814262750476,0.557840738395,0.160592290516,3.78863552943e-13,-4.02276438072e-13,1,1.01874288199,0.442385122444,0.000472417305358,-0.000896612365548,2.17173561889
0.171009064362,1.8521453379,0.0762899545334,-0.52809837783,0.848549485005,0.0328005309572,0.489223130583,0.272444042523,0.828513712739,3.14748146166e-13,-2.58211149944e-13,1,1.12006226766,0.779846117495,0.0091107864949,-0.0164053325338,2.12771506373
0.119389550154,1.9393293118,0.0840245049755,-0.486482260061,0.864733968179,0.124780506988,0.415118007926,0.103104151522,0.903906285759,2.40133515286e-13,-3.48043371467e-13,1,1.22138166143,1.04243212234,-0.106684372747,-0.0631497678881,2.0732029178
0.0716766721033,2.02871106241,0.10067564925,-0.44332042301,0.876627088714,0.187061353237,0.803315426058,0.295965856733,0.516806093138,1.43712136375e-13,2.61848800699e-14,1,1.32270103803,0.495474063483,-0.152125280003,-0.0959356854637,2.01735864703
0.0279638127256,2.12011565763,0.120672308866,-0.40338816687,0.893769649723,0.196096405024,0.912821185883,0.407943464447,0.0184285761255,1.5161477759e-13,4.17888027784e-13,1,1.42402040489,0.419927468615,-0.151870487866,-0.100646570947,1.97206594657
-0.0116634526775,2.21336421181,0.140896427942,-0.363612945407,0.911120030028,0.194025557116,0.896374504538,0.398904655704,-0.193359311315,1.21708158417e-13,6.43574061231e-13,1,1.52533976642,0.428803094768,-0.143238558696,-0.0993771647355,1.92933560693
-0.0471123774288,2.30827723389,0.159637324616,-0.324446810721,0.932593504741,0.158125336133,0.434501997315,0.295426039033,-0.850841624388,-0.00722169689834,-2.44570141916e-09,0.999973893166,1.62665663582,0.888029105072,-0.119693213594,-0.0791964409973,1.89173266053
-0.0779014873944,2.40474655059,0.169993211762,-0.275629204588,0.960821194066,0.0291748969286,0.359264897358,0.131117927999,-0.923978799802,0,-2.93377855343e-09,1,1.72792014533,1.79178662355,-0.0193609092988,-0.0145943986827,1.84973884547
-0.10166314851,2.50292463815,0.164661944504,-0.185055941237,0.974692733548,-0.12541281347,0.702543548288,0.0419787698908,-0.710401538312,0,-2.93377855343e-09,1,1.82893278521,1.61679543663,0.0757687582838,0.0632056256523,1.75124723253
-0.114019348109,2.60278740562,0.147715342854,-0.0520381162713,0.980341787812,-0.190320817372,0.987619466176,0.0222790801667,-0.15527856458,0,-2.93377855343e-09,1,1.92955707649,1.43956891711,0.100479022261,0.0966943822547,1.60924274487
-0.111721908816,2.70319775432,0.127648816747,0.0976492156263,0.975393658104,-0.197665987002,0.994959976482,-0.100226415841,-0.00305135502485,0,-2.93377855343e-09,1,2.02999370504,1.47894060634,0.0895829634646,0.10033838972,1.45748593291
-0.0940224139155,2.80204226215,0.107446636225,0.247041747217,0.949236731212,-0.194730591459,0.968743815279,-0.237272682648,0.0723677720283,0.015269190073,-4.27521164087e-13,0.99988335371,2.13041038118,1.48576474152,0.0885658475661,0.100717201593,1.30456810768
-0.0613132763273,2.89699414636,0.0889664285321,0.392129758477,0.906635121223,-0.155714512752,0.844104515667,-0.287335558099,0.452687357546,0.015269190073,-4.27521164087e-13,0.99988335371,2.23083820599,1.64047362521,0.0631671728495,0.0815493228001,1.15631491489
-0.0149150612931,2.98624814756,0.0778823219752,0.517205911464,0.853745585801,-0.0601375080244,0.689293264679,-0.373867179084,0.620562750793,0.00649374676868,-4.09090621621e-13,0.99997895956,2.33143179967,1.45253435485,0.0215456712639,0.0317857351936,1.0253290573
0.0414338560918,3.07010665636,0.0751652017169,0.587051113666,0.80952651195,-0.00614950352297,0.754159952573,-0.544107417355,0.367681770442,0.0044790841639,-3.88843335785e-13,0.999989926815,2.43246372526,0.52533444514,0.00452373953427,0.00438956136168,0.943364489289
0.102222608776,3.15118664421,0.0750008086201,0.606947359819,0.794742032819,-6.06594679775e-05,0.793582716652,-0.606057861207,0.0540401767328,0.00371143897064,-4.52097099991e-13,0.999993145466,2.53380096858,0.0739665373763,0.00240760241604,0.00115665594255,0.91858377539
0.164210021678,3.23206892744,0.0750000029802,0.608743861723,0.793366819834,-2.45515304429e-14,0.793366819834,-0.608743861723,2.76291202915e-08,1.39302930085e-13,-4.03184999493e-13,1,2.63570476192,0.00125764100315,4.19973024374e-13,-1.052611334e-13,0.916320000187
0.226243667995,3.31292024565,0.0750000029802,0.608642310583,0.793444728868,0,-0.793444728868,0.608642310583,0,1.56194461119e-13,-3.78010394254e-13,1,2.73761211657,0.00417182707053,4.04528173635e-13,-1.02431898531e-13,0.916447994139
0.287584260194,3.39294913472,0.0750000029802,0.607868684104,0.794037570198,0,-0.794037570198,0.607868684104,0,1.56194461119e-13,-3.78010394254e-13,1,2.83844510391,0.0167524835507,4.04475583092e-13,-1.02604366709e-13,0.917422652463
0.348333296174,3.47250677097,0.0750000029802,0.605493055304,0.795850588979,0,-0.795850588979,0.605493055304,0,1.10277577543e-13,-3.11167297441e-13,1,2.93854436894,0.0486091662126,3.21003266464e-13,-9.04351847907e-14,0.920411072771
0.409397407317,3.55338443244,0.0750000029802,0.598369484952,0.801220293975,0,-0.801220293975,0.598369484952,0,-7.64980272731e-15,-6.93278442467e-14,1,3.03988548495,0.140780360691,5.04238449951e-14,-3.0062142133e-14,0.929331807833
0.468683511098,3.63427095005,0.0750000029802,0.582745560028,0.812654669751,0,-0.812654669751,0.582745560028,0,-7.64980272731e-15,-6.04001440876e-14,1,3.14017242744,0.22365742699,4.27268249719e-14,-2.67711738604e-14,0.948693204722
0.526062981168,3.71620147325,0.0750000029802,0.56457797702,0.825379735555,0,-0.825379735555,0.56457797702,0,-1.36611696348e-13,-2.9115718083e-13,1,3.24019749538,0.218718906944,1.35356627357e-13,-1.5872159604e-13,0.970874470341
0.582371541084,3.80050872125,0.0750000029802,0.546177083993,0.837669739767,0,-0.837669739767,0.546177083993,0,-1.366117099e-13,-6.65493430762e-13,1,3.34157977187,0.218039356635,4.20261651021e-13,-3.16038947158e-13,0.993002666103
0.636806589409,3.88603519921,0.0750000029802,0.527761483637,0.849392616161,0,-0.849392616161,0.527761483637,0,-3.43627687069e-13,-2.44019539818e-13,1,3.44296001115,0.208509955105,-5.50592701409e-14,-1.94310926633e-13,1.01483335767
0.68946113102,3.97267421994,0.0750000029802,0.51173309694,0.859144479989,0,-0.859144479989,0.51173309694,0,-3.43627687069e-13,-3.10576298837e-13,1,3.54434453002,0.151128573604,-1.05035062527e-14,-2.2133778663e-13,1.03359550986
0.740816153494,4.06010045468,0.0750000029802,0.502607925578,0.864514472491,0,-0.864514472491,0.502607925578,0,-5.1720162441e-13,-2.44013956176e-13,1,3.64573824212,0.0585525772033,-1.89019577118e-13,-2.35451616077e-13,1.04418355118
0.791621316138,4.1478585443,0.0750000029802,0.500179967854,0.86592147436,7.46085681267e-13,-0.86592147436,0.500179967854,9.93773787528e-08,-5.20951012363e-13,-4.66416422357e-14,1,3.74714162888,0.0072965532531,-5.56240126541e-13,-5.23521470748e-13,1.04698972975
0.841744260264,4.23466406039,0.0750015596541,0.49999543123,0.866028034121,0.000113429401796,-0.0617960442565,0.0355468850796,0.997455596944,-5.1241075185e-13,4.12841906928e-13,1,3.84737888319,0.00715197842778,-3.27444478608e-05,-5.67147010602e-05,1.04720282025
0.89259524988,4.32276572526,0.0752167053868,0.499634412674,0.866208771191,0.00691508381075,-0.0554809895036,0.0240332122216,0.998170458646,-5.09078022792e-13,2.82846283287e-13,1,3.94910265867,0.172283090523,-0.00199715931223,-0.00345759013867,1.04759549445
0.942598440632,4.40963419083,0.0773128976583,0.49729739705,0.866620364498,0.0407975823416,-0.0821935340296,0.00024819711464,0.996616356158,-3.682691901e-13,5.24259726343e-13,1,4.04933463657,0.527047867141,-0.0118142698282,-0.0204087149215,1.04947596753
0.992131458314,4.4965101248,0.0848406598683,0.48844133685,0.864576174924,0.118038545444,-0.146459871998,-0.0521254412514,0.987842317513,-3.682691901e-13,5.24259726343e-13,1,4.14933937518,1.05971732159,-0.0344700297972,-0.0592618608674,1.05347606636
1.04145292704,4.58553365139,0.103637485555,0.459149501172,0.852239453625,0.250738208611,-0.297304751882,-0.118558612755,0.947393128458,-1.91513553063e-13,6.52647044481e-13,1,4.25111263082,1.41540665417,-0.0751086794262,-0.127775419707,1.06204900322
1.087459164,4.67498567621,0.135982721117,0.411762155288,0.844889374688,0.341487733325,-0.797580368458,0.152856812153,0.583524079048,-0.00217033969238,1.45199477442e-10,0.999997615814,4.35170208646,0.510681047969,-0.108938069159,-0.177643392552,1.08805905412
1.12942919132,4.76650220339,0.172776612038,0.372095075773,0.867394258711,0.330412552032,-0.464034278073,0.48213300901,-0.743115031739,-0.00485076894984,3.26014243379e-10,0.99998819828,4.45238355416,0.761274890735,-0.113186433253,-0.172173839609,1.13672511381
1.16645769394,4.85963009841,0.201986222274,0.337934575994,0.917204131815,0.211037444376,-0.177849098813,0.282421236146,-0.942660035975,-0.00549737736583,-3.47002915291e-09,0.99998486042,4.55260288781,1.62254888508,-0.0781863397674,-0.108056723826,1.20573306792
1.19951989995,4.95486031918,0.215651120424,0.312663846367,0.947911355227,0.0608718474043,-0.156962029653,0.114764310408,-0.980913897498,-0.00491056451574,-3.79701114994e-09,0.999987959862,4.65340915951,1.38100866984,-0.0261173157005,-0.031246036902,1.25114628154
1.23050325046,5.05266008932,0.215005186415,0.290719165894,0.954040758688,-0.0727227429655,-0.170227376351,-0.023220267245,-0.985131188994,0.00527576589957,-6.04698247031e-09,0.999986112118,4.75599942732,1.32870634192,0.0314103136148,0.0372007499834,1.27348972124
1.25877657804,5.14907909167,0.200761002057,0.265552162523,0.94173157119,-0.20645507212,-0.199188661516,-0.155931162197,-0.967475761856,0.00527576729655,-5.89619242319e-09,0.999986112118,4.85647830602,1.23791165543,0.0827933160355,0.105508313999,1.28342575347
1.28568808316,5.24729449858,0.174141013258,0.249366923132,0.926750027893,-0.280981357831,-0.217108341242,-0.229260965018,-0.948843178867,0.0104179969057,-5.18465803623e-09,0.999945759773,4.95831393467,0.236615366736,0.116914958577,0.145956310522,1.28387031515
1.3120277672,5.3455014785,0.143808229314,0.247923568811,0.925250670434,-0.287132549339,0.0459948205258,0.284809800481,0.957479949678,0.00804452598095,-5.93382765146e-09,0.999967634678,5.05999180769,0.00947147629766,0.11740116923,0.1489530084,1.28387502333
1.338272152,5.44344672428,0.113799110825,0.248852605108,0.92873055448,-0.274830744471,0.0711316451632,0.265466056517,0.961492621861,0.00831497274339,-5.44935430113e-09,0.999965488911,5.16139219677,0.358262390047,0.112876618878,0.14230080489,1.28604898323
1.36451986754,5.54140452812,0.0887259950808,0.254279525691,0.948984033373,-0.186470445964,0.048262139462,0.180116609764,0.982460570599,0.00647540343925,1.73191447295e-10,0.999979019165,5.26280557805,1.38186964384,0.0772252469471,0.0952472236306,1.29863886514
1.39061957144,5.63881320079,0.0770843182425,0.258448882023,0.964746647878,-0.0496797825031,0.0100917943085,0.0487278414721,0.998761109151,-1.90819446832e-13,1.77791386214e-12,1,5.36365023112,0.971922875545,0.0190637107012,0.0248607340851,1.30833821406
1.41652446376,5.73572408162,0.0751208357716,0.257105849247,0.966375249896,-0.00393175169766,-0.309594848237,0.0862209832045,0.946951409524,-4.97379698192e-13,3.44841234561e-12,1,5.46396365131,0.1243959266,0.00151123862591,0.00196588618215,1.31076363673
1.44262670756,5.83518527634,0.0750023189236,0.24899432694,0.96850493711,-0.000109290428441,-0.967965327141,0.248859361067,0.0333488210132,-4.97379698192e-13,5.11277695528e-12,1,5.56679290973,0.136808259373,4.23734154557e-05,5.46452168579e-05,1.31915458227
1.46699153029,5.93419379934,0.0750000042425,0.224485487628,0.974477432188,-1.61782960131e-07,-0.974477431257,0.224485487421,4.36847539096e-05,-4.97379698192e-13,4.0608870433e-12,1,5.66875531561,0.409469977138,6.43726194499e-08,8.08934028595e-08,1.34438131073
1.4865050107,6.03230491785,0.0750000029802,0.154268512382,0.988028960146,0,-0.988028960146,0.154268512382,0,-4.97379698192e-13,1.9508583117e-12,1,5.76878814768,1.07399908677,-1.58449308264e-12,9.25387241486e-13,1.4159092667
1.49582111416,6.13349342325,0.0750000029802,0.0242948958894,0.999704835456,0,-0.999704835456,0.0242948958894,0,-4.97379698192e-13,2.1708461851e-12,1,5.87040460014,1.34948150926,-1.60312937557e-12,1.07906082015e-12,1.54649904029
1.49149051871,6.23422669419,0.0750000029802,-0.109470627704,0.993990030971,0,-0.993990030971,-0.109470627704,0,-4.97379698192e-13,2.20722723952e-12,1,5.97123091581,1.31776628649,-1.50757791914e-12,1.12420516997e-12,1.68048678809
1.47385736316,6.33334731897,0.0750000029802,-0.240025736847,0.970766524789,0,-0.970766524789,-0.240025736847,0,-4.97379698192e-13,3.64906195538e-12,1,6.07190775739,1.31564769667,-1.94568472953e-12,1.83088556086e-12,1.81318868963
1.44330156276,6.42928979276,0.0750000029802,-0.364957192417,0.931024300275,0,-0.931024300275,-0.364957192417,0,-4.97379698192e-13,2.51104887751e-12,1,6.1725984482,1.27387684194,-1.39344756144e-12,1.25968491118e-12,1.94438315044
1.40076757322,6.52066030752,0.0750000029802,-0.475146254852,0.879906833989,0,-0.879906833989,-0.475146254852,0,-4.97379698192e-13,2.54799740335e-12,1,6.27338391954,1.11892933366,-1.30441045881e-12,1.23916421451e-12,2.06592656735
1.34813680806,6.60680997629,0.0750000029802,-0.563576206959,0.826064076782,0,-0.826064076782,-0.563576206959,0,-1.90819446832e-13,1.07780397021e-12,1,6.37433818082,0.944432023999,7.13393186513e-13,4.98938220829e-13,2.16950497826
1.28735837487,6.68759290131,0.0750000029802,-0.637050163479,0.770822346077,0,-0.770822346077,-0.637050163479,0,-5.40108627582e-14,1.44835564982e-12,1,6.47543169652,0.909522661296,1.15198324432e-12,5.7541626445e-13,2.26146164261
1.21895260849,6.76253180497,0.0750000029802,-0.712255723274,0.701920069996,0,-0.701920069996,-0.712255723274,0,-5.40108627582e-14,1.88217562196e-12,1,6.57689690315,1.09957540249,1.58135676182e-12,6.79803195213e-13,2.36350296578
1.14308882051,6.82982128677,0.0750000029802,-0.77814764698,0.6280813956,0,-0.6280813956,-0.77814764698,0,8.76485892193e-15,7.87953740884e-13,1,6.67830296158,0.770770305729,7.04849539352e-13,2.44039365448e-13,2.46250750742
1.06143009734,6.8913469922,0.0750000029802,-0.815768127402,0.578379081844,0,-0.578379081844,-0.815768127402,0,-1.53030840495e-13,1.21521412724e-12,1,6.78054561167,0.511875499659,1.03464606111e-12,4.13846056672e-13,2.52485234973
0.978190789497,6.94719507268,0.0750000029802,-0.845228699722,0.534404757806,0,-0.534404757806,-0.845228699722,0,-3.42068821185e-13,1.98203215993e-12,1,6.88078427918,0.59066287681,1.68771568583e-12,6.74166900667e-13,2.5777893014
0.891140742583,6.99828648744,0.0750000029802,-0.879717176994,0.475497306514,0,-0.475497306514,-0.879717176994,0,-4.98100204745e-13,2.79608020765e-12,1,6.98172011687,0.701052803376,2.446497094e-12,8.83857956755e-13,2.64606340546
0.801342497965,7.04324616818,0.0750000048417,-0.9061334934,0.422991834601,2.9757155346e-07,-0.422991833061,-0.90613349016,8.47055619873e-05,-4.71845002306e-13,1.93899410417e-12,1,7.08214470365,0.491391019278,3.30188842409e-08,-1.48785152864e-07,2.70484810891
0.709301914394,7.08341297855,0.075010957921,-0.926767824727,0.375634264004,0.000546586703324,-0.375276325224,-0.92594629791,0.0423217806026,-4.87264688234e-13,2.76637827229e-12,1,7.18256801607,0.539564382104,5.32800892821e-05,-0.00027329337021,2.7565115525
0.614814291352,7.11905656687,0.0753732656746,-0.942516319104,0.334038096755,0.00902984711783,-0.289718378338,-0.830332936414,0.476036212866,-0.00462481379509,2.35026082797e-12,0.999989330769,7.28355502661,0.342989407854,-0.000393694652888,-0.00233543066807,2.80099756157
0.519787283704,7.15160179543,0.0774443887299,-0.947503592654,0.317718509635,0.0359428789054,-0.00429272438575,-0.125040943369,0.992142295741,-0.00433227187023,-1.46598344575e-09,0.999990582466,7.38400065411,0.391484497945,0.00189120701687,-0.0159231948214,2.81813136313
0.42499978088,7.18364152046,0.0835235309333,-0.940750777596,0.326672223861,0.0909573120215,0.20815000096,0.344549835589,0.915400998413,1.19348853174e-13,4.15543630321e-13,1,7.48405671176,0.785245960672,0.00767538510399,-0.0455672415468,2.80789889863
0.331354864355,7.21903215978,0.0966400738205,-0.907515083274,0.385274567663,0.167271877916,0.414251027404,0.75523482941,0.507953185581,0.00927490275353,-1.57121393674e-09,0.999956965446,7.58416599076,1.21024885644,0.0197846732594,-0.0884645313977,2.74228271908
0.240537826139,7.26442542768,0.115969790823,-0.846235524189,0.495327719186,0.196305599021,0.511324010312,0.858552898439,0.0378771311103,4.96706231701e-09,-3.26030957787e-09,1,7.68569570661,1.27542080997,0.0266752200755,-0.0990892048562,2.61603399961
0.157187843685,7.32097939573,0.136222450862,-0.773019265802,0.603188504681,0.196481150546,0.61025727639,0.791657297347,-0.0294071448876,6.09595485201e-09,-6.00273031282e-09,1,7.78642093124,1.26717339352,0.033869984992,-0.0992120010734,2.4840679843
0.0820987978119,7.38804140305,0.155666692517,-0.689315679063,0.703238445675,0.174067754401,0.608137170156,0.692262842313,-0.388511697929,-7.8424827743e-10,-2.31704921916e-09,1,7.88709703385,1.3926552002,0.0366253498088,-0.0877357471612,2.35105134594
0.0165884199994,7.46447044585,0.168641522568,-0.597140530926,0.799796044823,0.0612329405629,0.471187185458,0.411524533746,-0.780147546548,-7.8424827743e-10,-2.31704921916e-09,1,7.98775987796,2.15817192671,0.0153530526814,-0.0306482459524,2.21283454346
-0.0378655074616,7.54905069394,0.165468903075,-0.476821786152,0.87033293248,-0.123132330812,0.618664870556,0.232781186953,-0.750377702855,9.57931778345e-09,-9.43119093932e-09,1,8.08835335978,2.16556914608,0.103931801313,0.0622828340396,2.06234173699
-0.0795074522016,7.64050071352,0.146458542132,-0.335796903659,0.914110735655,-0.227248767771,0.918551058031,0.264365167948,-0.29389626021,7.94728638454e-09,-5.86838488914e-09,1,8.18883797374,1.51051555352,0.162906260153,0.117305594463,1.89445272136
-0.106757596851,7.73726526943,0.121723487734,-0.188032833378,0.952002660172,-0.241525544401,0.97670108673,0.207142897049,0.0560964114956,7.94728638454e-09,-5.86838488914e-09,1,8.28936632627,1.55557413472,0.147174764195,0.124427176327,1.73842177759
-0.117312461077,7.83715528754,0.0984551655364,-0.00990362137748,0.980790359649,-0.194813214909,0.899546901752,0.0938240906669,0.426629126477,7.94728638454e-09,-5.86838488914e-09,1,8.38981243559,2.04890196351,0.0985393156897,0.0989887714824,1.5662379844
-0.109683480913,7.93718864266,0.083633364706,0.148660948416,0.98399223464,-0.0982812524585,0.821750949035,-0.0676355995649,0.565818701911,7.94728638454e-09,-5.86838488914e-09,1,8.49013627859,1.47434890446,0.0422931561827,0.0493160624444,1.41771920145
-0.0893354224328,8.03560268185,0.0772198597268,0.25028920518,0.967503589659,-0.0359460396705,0.885842105584,-0.213865478182,0.411758814377,1.16332033524e-13,1.17548481257e-13,1,8.59063188344,1.034314985,0.0139160418691,0.0179809568043,1.31727478666
-0.0586911567666,8.13294096568,0.0752520686454,0.355104899344,0.934798992111,-0.00716622708053,0.928482527984,-0.351793159017,0.119003228934,1.21998331576e-13,-1.75536289063e-13,1,8.69267997267,1.30771587652,0.00247181118116,0.00358317212976,1.20774700952
-0.0156604308548,8.2251856383,0.0750033367504,0.490837392094,0.871251175821,-0.000207733436097,0.871226918497,-0.490821918218,0.00758294685973,1.1669404863e-13,3.16345989118e-13,1,8.79446760944,1.46145719376,6.07001152568e-05,0.000103866719529,1.0577456748
0.0393756460666,8.30921758809,0.0750000029869,0.599083127342,0.800686834246,-2.2289798409e-09,0.800686834246,-0.599083127342,5.27003700556e-07,1.2850826089e-13,3.53376480638e-13,1,8.89491828564,1.23034203691,5.57844244287e-10,1.11466988596e-09,0.928440816926
0.104722904318,8.38554105441,0.0750000029802,0.700393163249,0.713757253466,0,0.713757253466,-0.700393163249,0,1.83607279771e-13,3.97903877816e-13,1,8.99539482853,1.3190994409,-2.34235495155e-13,2.06302031223e-13,0.794848142864
0.179731455296,8.45358028039,0.0750000029802,0.77259400976,0.634900382802,0,0.634900382802,-0.77259400976,0,1.83607279771e-13,6.18387448453e-13,1,9.09666485861,0.795488187007,-4.56906929702e-13,2.67234156121e-13,0.687879574593
0.2607071409,8.51543492506,0.0750000029802,0.813997039059,0.580869021728,0,0.580869021728,-0.813997039059,0,1.98683585318e-13,1.11397295468e-12,1,9.19856215361,0.614043785026,-9.20856520833e-13,4.04400115287e-13,0.61979588266
0.344801738285,8.57137616783,0.0750000029802,0.851797568788,0.523871073649,0,0.523871073649,-0.851797568788,0,1.46654390021e-13,3.87149405416e-13,1,9.29956375731,0.771583661546,-2.99303001361e-13,1.63868113775e-13,0.55138922629
0.432511592546,8.62062266189,0.0750000029802,0.889895927509,0.45616360903,0,0.45616360903,-0.889895927509,0,1.24265547396e-13,3.36999877873e-13,1,9.40015319867,0.663410827685,-2.75107669277e-13,1.32155242546e-13,0.473679355358
0.523087468579,8.66388794258,0.0750000029802,0.912592201583,0.408870974281,0,0.408870974281,-0.912592201583,0,-2.68041102822e-14,2.3874329705e-13,1,9.50053185094,0.445685068858,-2.36654065823e-13,3.6576991227e-14,0.421216555355
0.616456342832,8.70324947356,0.0750002340327,0.929842099515,0.367958787789,2.1409045029e-05,0.367955805581,-0.929834794519,0.00397241009741,-2.12211324901e-13,3.71919509079e-13,1,9.6018584358,0.436956465291,-2.04100840002e-06,-1.07045225459e-05,0.376812840108
0.711472856672,8.73841787655,0.0751132875593,0.945475783563,0.325657905224,0.00474040730095,0.304618129429,-0.889354644402,0.340963504944,-3.96508401199e-13,8.25041478279e-13,1,9.70317454741,0.497784203742,-0.000396756976292,-0.00237021613636,0.331709941123
0.808046553109,8.76884884115,0.0777917831901,0.960452367308,0.270724420563,0.0651117366017,0.0893663138838,-0.521179507465,0.84875531394,-2.14388050498e-13,5.63044077508e-13,1,9.8044292878,1.34382999046,-0.00450178623298,-0.0325880585562,0.274523255264
0.906344060381,8.79200419996,0.0915350213661,0.962693960198,0.175125688133,0.206279742958,-0.0343642977679,-0.677028523394,0.735154047496,-1.88401594672e-13,7.44130776963e-13,1,9.90541726023,1.70725248106,-0.00932902369565,-0.104173589753,0.178469425664
1.00629199284,8.8034690695,0.117851044241,0.95873183237,0.0415097331224,0.28126538297,-0.0109962476475,-0.983130494392,0.182574679332,3.48926345716e-14,1.33663360328e-12,1,10.0060206023,1.39315149239,-0.00305747873775,-0.143285212452,0.0425973723303
1.10667029046,8.80016419338,0.148020815659,0.951387123307,-0.105006962883,0.289544606841,-0.110340252899,-0.993891633524,0.00210936037072,1.57651485182e-12,-1.57359021646e-11,1,10.1064532904,1.41046898547,0.00800519149641,-0.147679109341,-0.108111371541
1.20532994723,8.78146197419,0.178288719195,0.925339137302,-0.250879368687,0.284265761823,-0.223369620327,-0.966564481406,-0.125932982178,1.005137488e-12,-1.40999301124e-09,1,10.2068699269,1.4277968265,0.019017095433,-0.144912311138,-0.260528220834
1.29995079215,8.74779781207,0.205450824814,0.891946279202,-0.396221267751,0.217808498456,-0.160188324054,-0.727402826534,-0.667251698227,1.005137488e-12,-1.40999301124e-09,1,10.3073008987,1.9374212997,0.0231662765081,-0.110160681282,-0.414160612799
1.3888093623,8.70059895522,0.218428654854,0.851273560782,-0.524389098975,0.0186921799086,-0.209960558309,-0.373056452845,-0.903739700879,-9.30317142767e-11,-1.57677659818e-09,1,10.4079168894,2.5787864219,0.00264766768863,-0.00934688719466,-0.552067992337
1.47239314037,8.64379185516,0.20966916187,0.796177647171,-0.581129128537,-0.168493590713,-0.34845945823,-0.212730335182,-0.912864617818,-1.17127193361e-11,-1.17514276088e-09,1,10.5089777353,1.15114048433,-0.0275219138778,0.0848508995519,-0.626983793265
1.55342992312,8.5829434138,0.189929767915,0.782313821074,-0.594033287963,-0.187375393658,0.210902286336,-0.0304363500305,0.977033189925,-1.42328995811e-11,-1.41081757388e-09,1,10.6103162421,0.42986727455,-0.0316041890867,0.0945256283077,-0.644924021555
1.63479148987,8.52270495805,0.171677750549,0.802389671682,-0.564378652456,-0.194029769444,0.203636236458,0.564517339075,-0.799907780363,-1.18333190469e-10,-1.4324815778e-09,1,10.7115505056,1.28778877756,-0.0307701829941,0.0979372756861,-0.608421865763
1.7201081756,8.46978010745,0.143351326527,0.831587276814,-0.430834378351,-0.350491568333,0.183152340662,0.808496791939,-0.559274670922,6.57057533382e-11,-3.3444971792e-10,1,10.8119495926,2.0963441968,-0.0429991784788,0.180749734493,-0.465946839552
1.81443647455,8.4335433704,0.10332546243,0.914275915597,-0.229539375204,-0.33378320118,0.389016451714,0.727318253001,0.565397523117,-1.3847360758e-10,9.49744616285e-10,1,10.9129987346,2.74202667149,-0.0207642730675,0.171454082659,-0.240463408725
1.91478003145,8.42064294213,0.0797508739047,0.993583596216,-0.0215926685572,-0.111019791008,0.0970385011082,0.666974976941,0.738733990986,1.31917046731e-10,9.06735853068e-10,1,11.0141681492,2.62411871401,-0.00060356531978,0.0556676383385,-0.0216781219538
2.0152214743,8.42547908009,0.0751960307347,0.99510219211,0.0985128200969,-0.00817627877463,-0.0864518784158,0.907405675054,0.411267569349,1.2658699089e-10,8.70875149772e-10,1,11.1147259519,0.710228141325,0.000201864774612,0.00408820225104,0.0986749320193
2.11579093821,8.43746093742,0.075000421353,0.991708825374,0.128505269169,-3.83457436494e-05,-0.128392944089,0.990854369064,0.0415074838323,1.57279828809e-13,-3.18678395304e-12,1,11.2160066607,0.0740949005131,1.23703895639e-06,1.91728717044e-05,0.128861604461
2.21632552328,8.45064790562,0.0750000029802,0.991446024592,0.130517356397,0,-0.130517356397,0.991446024592,0,3.9967801204e-13,2.66425488442e-12,1,11.3174024147,0.000726262533959,-2.61368019412e-12,3.71995340219e-13,0.130890781838
2.31685792885,8.46388375527,0.0750000029802,0.991439448114,0.130567303427,0,-0.130567303427,0.991439448114,0,7.10539699994e-13,3.97053180265e-12,1,11.4188023766,0.00251292509258,-3.88385719091e-12,6.11439359334e-13,0.130941159967
2.41737426128,8.47720642892,0.0750000029802,0.991023570786,0.13368725499,0,-0.13368725499,0.991023570786,0,6.57249970594e-13,3.65333588034e-12,1,11.5201977745,0.0966943510908,-3.57094043178e-12,5.69877329079e-13,0.134088708201
2.51763101071,8.49183686892,0.0750000029802,0.986660685469,0.16279033064,0,-0.16279033064,0.986660685469,0,7.46069330447e-13,1.7252132882e-12,1,11.6215164085,0.554968568321,-1.6224131801e-12,5.08482659299e-13,0.163518052189
2.61654552355,8.51217565665,0.0750000029802,0.968135300143,0.250427715354,0,-0.250427715354,0.968135300143,0,4.16333146343e-13,2.11387808299e-12,1,11.7225003039,1.19996679862,-2.00158101302e-12,4.66220237227e-13,0.253122022869
2.71199138615,8.54386808095,0.0750000029802,0.923591009706,0.383379246686,0,-0.383379246686,0.923591009706,0,1.38777878078e-13,1.48326305665e-12,1,11.8230702917,1.52971460858,-1.38616397302e-12,3.48413136917e-13,0.393452343277
2.80231166385,8.59046761724,0.0750000029802,0.844185190174,0.536051643679,0,-0.536051643679,0.844185190174,0,-1.3877740374e-13,3.98304956725e-12,1,11.9247033048,1.89864607875,-3.73010574133e-12,1.00898321921e-12,0.565753005099
2.88215962803,8.6525219112,0.0750000029802,0.733301563008,0.679903535577,0,-0.679903535577,0.733301563008,0,-6.00114982664e-14,2.28603312495e-12,1,12.0258291313,1.4624623791,-2.01336344124e-12,7.55137739312e-13,0.747631078542
2.95252186912,8.72616952284,0.0750000029802,0.654628545346,0.75595070449,0,-0.75595070449,0.654628545346,0,-3.44169056319e-13,-2.97718799483e-13,1,12.1276859704,0.778633995791,3.75992750389e-14,-2.2518181245e-13,0.857105185102
3.01607447352,8.80483353057,0.0750000029802,0.604784889959,0.796388872899,0,-0.796388872899,0.604784889959,0,-5.19909419336e-13,2.47512167012e-12,1,12.2288144018,0.524908685992,-2.32204881938e-12,8.28362998096e-13,0.92130059387
3.07585453145,8.8871800137,0.0750000029802,0.576169422709,0.817330285952,0,-0.817330285952,0.576169422709,0,-5.19909419336e-13,2.47512167012e-12,1,12.3305719499,0.0619233211096,-2.29787517755e-12,8.61717996203e-13,0.956762115562
3.13534728652,8.96969931255,0.0750000029802,0.60281086271,0.797884116773,0,0.797884116773,-0.60281086271,0,-5.09077968582e-13,1.60479322973e-12,1,12.4323011129,0.609317239978,-1.61589290284e-12,4.86780649638e-13,0.923776990639
3.19931050064,9.04843524212,0.0750000029802,0.660195050151,0.75109419899,0,0.75109419899,-0.660195050151,0,-5.09078022792e-13,1.34899676065e-12,1,12.5337439015,0.817364917003,-1.4261384626e-12,3.38566425297e-13,0.849717907553
3.26849776496,9.12124251836,0.0750000029802,0.713251318451,0.700908379696,0,0.700908379696,-0.713251318451,0,-5.19909419336e-13,1.96907724501e-12,1,12.6341818277,0.560882543798,-1.97531661884e-12,5.04658331238e-13,0.776670276895
3.34262953662,9.19085366094,0.0750000029802,0.741048552001,0.671451445435,0,0.671451445435,-0.741048552001,0,-4.87414958655e-13,2.39262884678e-12,1,12.7358736697,0.269909601725,-2.34046727287e-12,6.22667974114e-13,0.736165691228
3.41825825793,9.25793380035,0.0750000029802,0.75310872517,0.657896076956,0,0.657896076956,-0.75310872517,0,-4.11594803379e-13,2.70111060255e-12,1,12.8369649581,0.0824616379202,-2.58029399434e-12,7.3353721559e-13,0.718021688839
3.49368545271,9.32399285636,0.0750000029802,0.746863153152,0.664977766894,0,-0.664977766894,0.746863153152,0,-4.11594803379e-13,1.24640347956e-12,1,12.9372299101,0.327752396048,-1.30383967554e-12,2.60712804907e-13,0.72746404896
3.56749574179,9.39298198963,0.0750000072483,0.709873473011,0.704329221539,7.9160788226e-07,-0.704329208522,0.709873459674,0.000193060973976,-1.99839642989e-13,1.62750509684e-12,1,13.0382618817,0.665805418386,-1.63040631948e-07,-3.95803438911e-07,0.781477775543
3.63713304496,9.46735902776,0.0750626957194,0.65406627841,0.756430172982,0.00327060388673,-0.745120073487,0.643529560544,0.175116477788,-8.76792562166e-13,1.22833590088e-12,1,13.1401505356,0.81992794385,-0.000747851836278,-0.00163530663787,0.857842274514
3.70108706095,9.5470749355,0.0775146118446,0.601244270215,0.796682433038,0.0616638340007,-0.306197989291,0.158427506285,0.93869245049,-2.09189761867e-12,-5.93680183139e-12,1,13.2423500567,1.18566998833,-0.0153616923098,-0.0308642973607,0.923591791734
3.76067831735,9.62775403395,0.0913148582398,0.579165221481,0.783295857879,0.225865546858,-0.0394794056386,-0.249789035052,0.96749512376,4.53546401824e-11,3.37995798017e-10,1,13.3426507783,2.0553558427,-0.0571089557017,-0.114568138642,0.924191286692
3.82320472137,9.70715228299,0.126536265918,0.598473747311,0.68461465537,0.416091272959,0.325519966641,-0.682368541219,0.654530308903,1.14659295947e-10,1.88650006727e-09,1,13.4437132993,1.76525794784,-0.0952848368517,-0.218590085496,0.819776237908
3.89785258812,9.7774348653,0.17602929082,0.73264543775,0.551163963896,0.399310590202,0.659221014594,-0.428728533722,-0.617753590269,1.14659295947e-10,1.88650006727e-09,1,13.5462410779,2.52314890214,-0.0672855922717,-0.208294581775,0.623002555803
3.98431619671,9.82952163923,0.205683858599,0.892189171822,0.430701157765,0.135996302828,0.312781328893,-0.371961605225,-0.873963617397,2.21194174088e-11,2.00751681945e-09,1,13.6471815932,3.43180553047,-0.0155716552729,-0.068301400939,0.448146648956
4.07859585602,9.86611458691,0.204539500202,0.947061998132,0.2850434146,-0.14772888508,0.0317133773359,-0.540950056211,-0.84045660113,1.78029049835e-11,2.04067296394e-09,1,13.7483136751,2.83380085405,0.0108893638724,0.0742444119142,0.291132567629
4.17630784703,9.88815417584,0.17901341307,0.935577665104,0.154339328586,-0.317606366766,-0.136710070126,-0.670976479738,-0.728766711894,2.12345453721e-11,1.90369964237e-09,1,13.8484804194,1.1326658994,0.0130882568136,0.162685261891,0.160206538934
4.27643228759,9.90237333093,0.142464044733,0.930316889051,0.123160553774,-0.345459062612,0.362373152463,-0.163479108046,0.917583936001,2.64724856619e-11,2.54637422259e-09,1,13.9496094853,0.162494674348,0.0114631704626,0.177763956494,0.128455402941
4.37601355535,9.91549535246,0.108521042194,0.95334313344,0.125510105693,-0.274561620208,0.272213617317,0.0358305719129,0.961569506933,-6.18773782213e-11,1.89213977819e-09,1,14.0500515897,1.27537030171,0.00903861209059,0.139751185528,0.12896419387
4.47577353627,9.92862901162,0.0873242928291,0.981809614113,0.129257769901,-0.139076635547,0.137887148174,0.0181506178905,0.990281621277,6.26518975588e-11,-3.17898873892e-10,1,14.1506723967,1.1758818965,0.00456323897133,0.0698505483871,0.130419126624
4.57516161766,9.94171332517,0.0782365233488,0.990163891489,0.130339632846,-0.0508630327453,0.0505834725793,0.00545677056137,0.998704929374,-1.15205282814e-10,-2.69179734058e-10,1,14.2509180449,0.609058064707,0.00166691155387,0.0254466655874,0.130818237157
4.67641248349,9.95502720898,0.0754460276225,0.991451745365,0.130043413443,-0.0105899590304,0.0181404852152,-0.0570150260799,0.998208500063,-1.16128981431e-10,-2.79795825397e-10,1,14.3530405073,0.208423968072,0.000345778878643,0.00529511600472,0.130417373419
4.77655255714,9.96803399735,0.0750231876519,0.991938184966,0.126719978435,-0.000827207370789,0.117383004059,-0.916351520483,0.382780774422,3.55266949756e-13,-1.83172869234e-11,1,14.4540217476,0.0678437048066,2.63120101504e-05,0.000413603749483,0.127061624091
4.87830473745,9.98052411918,0.0750001796238,0.993391982344,0.114770942648,-1.17585823484e-05,0.114770286801,-0.993385948767,0.00348397186126,3.55267003966e-13,-1.99373243609e-11,1,14.5565376456,0.193960201461,3.38524218413e-07,5.87929020676e-06,0.115024415563
4.98007259401,9.99074898684,0.0750000029802,0.996906801096,0.0785928109261,-5.64861226792e-13,0.0785928109261,-0.996906801096,7.51203976445e-10,5.32902931852e-13,-1.84889551585e-11,1,14.6588178712,0.583353724885,1.85029038235e-11,-1.78491586559e-13,0.0786739457203
5.0811925348,9.9946769446,0.0750000029802,0.999947678269,-0.0102294049215,0,-0.0102294049215,-0.999947678269,0,5.32902986062e-13,-9.76971021444e-12,1,14.7600140731,1.10119722315,9.76536613438e-12,3.16406712702e-13,-0.0102295833319
5.18108249134,9.98804721573,0.0750000029802,0.992561465224,-0.121744559435,0,-0.121744559435,-0.992561465224,0,5.32903040272e-13,-2.34923278747e-11,1,14.8601237965,1.10182239381,2.33562345415e-11,1.69450106485e-12,-0.122047327534
5.28040397214,9.97023476018,0.0750000029802,0.973027846752,-0.230687688107,0,-0.230687688107,-0.973027846752,0,5.32903094482e-13,-1.51175565122e-11,1,14.9610298921,1.09580537417,1.48210592085e-11,2.00298185609e-12,-0.232784374416
5.37713875646,9.9415619592,0.0750000029802,0.941516011499,-0.336968247898,0,-0.336968247898,-0.941516011499,0,7.10536447387e-13,-1.13221125184e-11,1,15.0619246294,1.10706661612,1.0809657138e-11,2.24208692989e-12,-0.343694959369
5.47000693025,9.90223193548,0.0750000029802,0.896459608008,-0.443125457642,0,-0.443125457642,-0.896459608008,0,7.10534007933e-13,-2.00464575495e-11,1,15.1627777328,1.20113492112,1.87682092137e-11,4.76003035697e-12,-0.459082126962
5.55726225529,9.85196943237,0.0750000029802,0.831292801504,-0.55583475797,0,-0.55583475797,-0.831292801504,0,1.08245617331e-12,-1.31441749845e-11,1,15.2634743612,1.38937484508,1.15703093574e-11,4.10291367303e-12,-0.589366797828
5.63654141545,9.79019640621,0.0750000029802,0.740717772583,-0.671816330092,0,-0.671816330092,-0.740717772583,0,1.17622350661e-12,-1.73971930612e-11,1,15.3639785501,1.5206268469,1.4519721393e-11,6.27948402607e-12,-0.736658190813
5.70561529477,9.716810056,0.0750000029802,0.622769719171,-0.782405187153,0,-0.782405187153,-0.622769719171,0,1.05619755563e-12,-2.69181135715e-11,1,15.4647592884,1.75935029468,2.11731440581e-11,1.08593197709e-11,-0.898518583491
5.76121016948,9.63140934763,0.0750000029802,0.463445756621,-0.886125290617,0,-0.886125290617,-0.463445756621,0,1.24343450033e-12,-1.06940307304e-11,1,15.5666615508,1.72846524618,6.89769399821e-12,5.02625776582e-12,-1.08891649871
5.80158816328,9.53826168644,0.0750000029802,0.343507165291,-0.939150055845,0,-0.939150055845,-0.343507165291,0,1.2131084982e-12,-1.5305111345e-11,1,15.6681843027,0.899289114509,9.28761909874e-12,7.39525381787e-12,-1.22014756403
5.83301759398,9.44122171035,0.0750000029802,0.278910235964,-0.960317176913,0,-0.960317176913,-0.278910235964,0,1.2131084982e-12,-1.24709079868e-11,1,15.7701870776,0.485438743895,6.93664772294e-12,6.15718776448e-12,-1.28813720084
5.85929227094,9.34413164184,0.0750000029802,0.251024628267,-0.967980700223,0,-0.967980700223,-0.251024628267,0,1.21310828136e-12,-2.46250398545e-11,1,15.8707695813,0.00219014796454,1.43468115057e-11,1.20705416883e-11,-1.31705769532
5.88642382181,9.24609917672,0.0750000029802,0.298079618191,-0.954541010758,0,0.954541010758,0.298079618191,0,1.21310838978e-12,-2.22587503984e-11,1,15.9724872556,0.917553339028,1.34218054859e-11,1.08042464946e-11,-1.26811614443
5.92165288039,9.15097367532,0.0750000029802,0.397958277215,-0.917403515143,5.12164513117e-14,0.917403515143,0.397958277215,6.32589499798e-11,8.88167577678e-13,-1.30708872545e-11,1,16.0739266345,1.09461702902,8.45425087372e-12,6.14675755054e-12,-1.16150610287
5.96686068668,9.06076939151,0.0750010368768,0.496779021753,-0.867877063571,7.79375957236e-05,0.867867325363,0.496773869018,0.00469346661747,8.88167415048e-13,-1.49987210152e-11,1,16.1748253885,1.09529266795,2.25952804566e-05,-3.89687912018e-05,-1.05091283731
6.02173635174,8.97609433635,0.0752092025991,0.588982818003,-0.80810797778,0.00779335262902,0.786909548438,0.575675368769,0.222196382442,5.77307244978e-13,-1.29059731652e-11,1,16.2757273389,1.10106431026,0.00198177494608,-0.00389674202576,-0.940963008453
6.08541371872,8.89775468728,0.0786291842046,0.667312649399,-0.740957923798,0.0753338112162,0.441218181088,0.474788329888,0.761513334407,6.715412189e-13,-6.00218659497e-12,1,16.3766823174,1.46539592714,0.0167733806421,-0.0377239927635,-0.836695045055
