x,y,z,tx,ty,tz,qx,qy,qz,nx,ny,nz,s,kappa,psi,theta,phi
0.718584001064,0.901485979557,0.0999999940395,-0.0130774517234,0.998986693615,-0.043064675052,-0.999913850904,-0.0131138685541,-0.000563224372285,-1.90958360236e-13,1.10958020116e-12,1,0,0.57157517495,0.0218177145758,0.0215491893371,1.58318101769
0.711744432537,1.00156992843,0.0956721412355,-0.130720360477,0.990482983156,-0.0430772264086,-0.99140334475,-0.130841154763,1.54446925022e-05,-2.79469996407e-13,9.72213520627e-13,1,0.10031737895,1.26719734345,0.0245695760346,0.0215575386032,1.70121992407
0.691810651044,1.10121061527,0.0912876695709,-0.261263414809,0.964305976243,-0.0430744966718,-0.965201815673,-0.261506128077,4.9641093718e-09,-8.76694956865e-14,6.18412872994e-13,1,0.201932447319,1.30690739486,0.0281502980761,0.0215592224153,1.83446848428
0.658738753552,1.19738364387,0.086899653897,-0.387069101595,0.92104402627,-0.0430744966642,-0.921899675331,-0.387428688438,1.54441810746e-14,-8.76694956865e-14,6.18412872994e-13,1,0.303632997131,1.30690402509,0.032413758816,0.0215633955666,1.96758919042
0.613182087314,1.28830994361,0.0825116382249,-0.506011443487,0.861450524869,-0.0430744966642,-0.862250811621,-0.506481527657,-3.17968433889e-15,-3.70087202325e-15,5.29481298216e-13,1,0.405333546903,1.30690402509,-0.0123283460719,0.0215488708514,2.1022942743
0.555948443333,1.37237724891,0.0781236225528,-0.615981410342,0.786582157089,-0.0430744966642,-0.787312891196,-0.616553656511,2.81224128972e-15,1.66724788272e-13,8.52622144979e-14,1,0.507034096674,1.30690402509,-0.0104904417553,0.02154819296,2.23549334966
0.48825459298,1.44830067325,0.0750060549216,-0.700138801389,0.714005831952,-0.00115357178694,-0.319288742063,-0.311641780838,0.894949216229,2.26542837766e-13,-8.2448831833e-14,1,0.608753434752,0.207870672887,-0.000242232389909,0.00057678609464,2.34638906476
0.41822929409,1.52217899581,0.0750000029802,-0.671999821954,0.740551307671,0,0.740551307671,0.671999821954,0,6.0969745962e-13,-5.19711281389e-13,1,0.710545129057,0.436344729947,-7.37008389325e-14,-3.97294726677e-13,2.30770226714
0.351516876911,1.59906075477,0.0750000029802,-0.638452871603,0.769660919329,0,0.769660919329,0.638452871603,0,4.23015490908e-13,-4.00140830843e-13,1,0.812335852931,0.436344729947,-6.56612365466e-14,-2.89024107315e-13,2.26328276949
0.288284189961,1.67882903649,0.0750000029802,-0.603646402259,0.79725216904,0,0.79725216904,0.603646402259,0,3.78863552943e-13,-3.22613653457e-13,1,0.914126576805,0.436344729947,-1.34782855746e-14,-2.42952027831e-13,2.21886327184
0.22865597662,1.76132647669,0.0750000029802,-0.567649078991,0.823270625688,0,0.823270625688,0.567649078991,0,3.78863552943e-13,-4.02276438072e-13,1,1.01591730068,0.436344729947,-5.98780473232e-14,-2.73121960881e-13,2.17444377418
0.172749869482,1.84639032713,0.0750000029802,-0.530531916143,0.84766496091,0,0.84766496091,0.530531916143,0,3.14748146166e-13,-2.58211149944e-13,1,1.11770802455,0.436344730387,2.29598438936e-14,-1.92930240706e-13,2.13002427653
0.120676146451,1.93385284056,0.0785861814434,-0.486490688303,0.85999739748,0.154049623571,0.266322575935,-0.0219581743112,0.963633812259,2.40133515286e-13,-3.48043371467e-13,1,1.21949880942,1.92757365098,-0.132060579193,-0.0784636967298,2.07020664963
0.072537562627,2.02354134947,0.0960255189684,-0.446642681439,0.878430621562,0.169911618844,0.891392081965,0.453233004326,-1.91995757586e-13,1.43712136375e-13,2.61848800699e-14,1,1.32128953535,0.423747500043,-0.138516716395,-0.0867599101833,2.02332937297
0.0284290710136,2.11527897771,0.113577586888,-0.407195501401,0.897397272907,0.169911618844,0.910638590926,0.41320377142,-9.6410073075e-15,1.5161477759e-13,4.17888027784e-13,1,1.42308025922,0.423747500042,-0.131875107902,-0.0866445676508,1.97976101661
-0.0115623130097,2.20888475034,0.131129654807,-0.366945019273,0.914593567992,0.169911618844,0.928088621585,0.372359383504,3.20904095618e-14,1.21708158417e-13,6.43574061231e-13,1,1.52487098309,0.423747500042,-0.125673384097,-0.0865419516582,1.93613695447
-0.0473576957364,2.30417400494,0.148681722726,-0.325970639902,0.929985582525,0.169911618844,0.943707749087,0.330780417063,5.86270435368e-14,-0.00722169689834,-2.44570141916e-09,0.999973893166,1.62666170697,0.423747500042,-0.128288395592,-0.0853961480306,1.89189633129
-0.0788864611957,2.40095875795,0.166233730073,-0.284354400591,0.943546948077,0.169887408716,0.956233300752,0.291881375699,-0.0205702953932,0,-2.93377855343e-09,1,1.72845243084,0.423843444198,-0.114388888513,-0.0863553776493,1.8487490304
-0.105419625236,2.49920549729,0.169644723379,-0.209688682443,0.963477061441,-0.166561125513,0.919274453252,0.136227160648,-0.36929207993,0,-2.93377855343e-09,1,1.83021898027,1.56091600297,0.103435227314,0.0844919654414,1.77201074143
-0.119281560088,2.59992011286,0.152110343212,-0.0581602089945,0.983732388082,-0.169964639642,0.998256863996,0.0590189248047,-1.06622121742e-14,0,-2.93377855343e-09,1,1.93188306945,1.48356516387,0.0902512751936,0.0860774106024,1.61819063997
-0.117382499065,2.70156630858,0.134558275292,0.0948650386127,0.980873409631,-0.169964639642,0.995355673695,-0.096265688815,2.25322627594e-14,0,-2.93377855343e-09,1,2.03354700375,1.48356516387,0.0772568860379,0.0859373056804,1.46439749381
-0.0997671703308,2.8016925076,0.117006207373,0.245601977549,0.95435406946,-0.169964639642,0.968444784439,-0.249228207661,6.79068084043e-15,0.015269190073,-4.27521164087e-13,0.99988335371,2.13521093805,1.48356516386,0.0791855570883,0.0878484390308,1.31002797374
-0.0668604860556,2.89788349297,0.0994541394537,0.390414572354,0.904814059885,-0.169964639642,0.918173333381,-0.396178911438,2.78770097321e-15,0.015269190073,-4.27521164087e-13,0.99988335371,2.23687487234,1.48356516387,0.0679135128794,0.0888614674262,1.15597417318
-0.0194562123305,2.98781897195,0.0819042424744,0.525860544894,0.833529018944,-0.169410926159,0.850400075614,-0.519211538078,0.0850828427021,0.00649374676868,-4.09090621621e-13,0.99997895956,2.33853880669,1.4893970084,0.0512932304849,0.0871668383793,1.00188129834
0.0400905234924,3.07031347586,0.0750000030505,0.608734619619,0.79337391114,-6.83487327443e-08,0.793354734508,-0.608719905303,0.0069528499358,0.0044790841639,-3.88843335785e-13,0.999989926815,2.44027944224,0.00836114978517,0.00288129194793,0.00136332479743,0.916333613349
0.102063559104,3.1510785043,0.0750000029802,0.608761429009,0.793353340291,0,-0.793353340291,0.608761429009,0,0.00371143897064,-4.52097099991e-13,0.999993145466,2.54208144105,2.05816635281e-14,0.00238738863885,0.00112969258746,0.916299205805
0.1640366901,3.23184346105,0.0750000029802,0.608761429009,0.793353340291,0,-0.793353340291,0.608761429009,0,1.39302930085e-13,-4.03184999493e-13,1,2.64388344105,5.41507199338e-14,4.13920761819e-13,-1.1753295766e-13,0.916297857297
0.226009821096,3.3126084178,0.0750000029802,0.608761429009,0.793353340291,0,0.793353340291,-0.608761429009,0,1.56194461119e-13,-3.78010394254e-13,1,2.74568544105,7.44952451512e-15,4.04536261788e-13,-1.02405322796e-13,0.916297857297
0.287982952091,3.39337337455,0.0750000029802,0.608761429009,0.793353340291,0,0.793353340291,-0.608761429009,0,1.56194461119e-13,-3.78010394254e-13,1,2.84748744105,3.47962523807e-14,4.04536261788e-13,-1.02405322796e-13,0.916297857297
0.349819035558,3.47396006449,0.0750000029802,0.608734027048,0.793374365804,0,-0.793374365804,0.608734027048,0,1.10277577543e-13,-3.11167297441e-13,1,2.94906458324,0.00460681392746,3.21231036601e-13,-8.98712216977e-14,0.916332396255
0.410667239844,3.55377703069,0.0750000029802,0.599911340079,0.800066487265,0,-0.800066487265,0.599911340079,0,-7.64980272731e-15,-6.93278442467e-14,1,3.04943017524,0.21857236182,5.04863110865e-14,-3.00280441108e-14,0.927406038297
0.470829629136,3.63589663469,0.0750000029802,0.581994539406,0.813192693094,0,-0.813192693094,0.581994539406,0,-7.64980272731e-15,-6.04001440876e-14,1,3.15122969609,0.218167652558,4.26998530776e-14,-2.67845496244e-14,0.949617055984
0.529153274931,3.71933179256,0.0750000029802,0.563791686872,0.825917025986,0,-0.825917025986,0.563791686872,0,-1.36611696348e-13,-2.9115718083e-13,1,3.25302887697,0.218167652558,1.35163873278e-13,-1.58746105808e-13,0.971826800783
0.585609615362,3.80404161993,0.0750000029802,0.545310742687,0.83823397325,0,-0.83823397325,0.545310742687,0,-1.366117099e-13,-6.65493430762e-13,1,3.35482805785,0.218167652558,4.19889151592e-13,-3.16167517812e-13,0.994036545583
0.640170803198,3.88998433346,0.0750000029802,0.526560822621,0.850137459521,0,-0.850137459521,0.526560822621,0,-3.43627687069e-13,-2.44019539818e-13,1,3.45662723873,0.218167652557,-5.54926994438e-14,-1.94195514616e-13,1.01624629038
0.692809949963,3.97711753447,0.0750000029802,0.507557074276,0.861618138361,0,-0.861618138361,0.507557074276,0,-3.43627687069e-13,-3.10576298837e-13,1,3.55842642581,0.216523637703,-1.2129402653e-14,-2.21004417956e-13,1.03844918859
0.743890543357,4.06517624023,0.0750000029802,0.500000000771,0.866025403339,0,-0.866025403339,0.500000000771,0,-5.1720162441e-13,-2.44013956176e-13,1,3.66022801068,7.53615924281e-07,-1.90247653853e-13,-2.34961548711e-13,1.04719755031
0.794791543358,4.15333935839,0.0750000029802,0.5,0.866025403784,0,-0.866025403784,0.5,0,-5.20951012363e-13,-4.66416422357e-14,1,3.76203001068,7.32959873317e-14,-3.40982777351e-13,-1.50434176616e-13,1.0471975512
0.845692543358,4.24150247654,0.0750000029802,0.5,0.866025403784,0,0.866025403784,-0.5,0,-5.1241075185e-13,4.12841906928e-13,1,3.86383201068,4.55988275075e-14,-6.79432037091e-13,5.06631016106e-14,1.0471975512
0.896593543358,4.3296655947,0.0750000029802,0.5,0.866025403784,0,-0.866025403784,0.5,0,-5.09078022792e-13,2.82846283287e-13,1,3.96563401068,4.69237735939e-15,-5.79530129338e-13,-4.79347235169e-15,1.0471975512
0.947494543358,4.41782871286,0.0750000029802,0.5,0.866025403784,0,0.866025403784,-0.5,0,-3.682691901e-13,5.24259726343e-13,1,4.06743601068,2.26881552612e-14,-6.58970189805e-13,1.34943823072e-13,1.0471975512
0.998788656061,4.50668373316,0.0753206051026,0.49935163642,0.865929979279,0.0285169106138,-0.0315230891996,-0.0147339109067,0.999394419995,-3.49314083518e-13,-4.72943150029e-14,1,4.17003377202,1.85418767037,-0.00823738145701,-0.0142618394166,1.04753529915
1.04847753798,4.59519536121,0.0945675037578,0.456067798503,0.851501161892,0.258742989211,-0.881520275101,0.472146168665,-8.26470925229e-14,-1.91513553063e-13,6.52647044481e-13,1,4.27153891123,0.407132524732,-0.0777372485202,-0.132024455873,1.06347029678
1.09453305455,4.68597113363,0.121835897698,0.41780710725,0.870912904179,0.258742989211,-0.901616365591,0.432536621917,4.70335196844e-14,-0.00217033969238,1.45199477442e-10,0.999997615814,4.37332963509,0.407132524732,-0.0833372462664,-0.13258064437,1.1070478293
1.13651225261,4.77870245733,0.149104291639,0.378722179069,0.888606536446,0.258742989211,-0.919933775222,0.392073780309,2.61860422509e-13,-0.00485076894984,3.26014243379e-10,0.99998819828,4.47512035896,0.407132524731,-0.0895510358554,-0.133165400467,1.15057967749
1.1743323169,4.87320639482,0.17637268558,0.338890119496,0.904547153244,0.258742989211,-0.936436367977,0.350837467683,1.26400414709e-13,-0.00549737736583,-3.47002915291e-09,0.99998486042,4.57691108282,0.407132524731,-0.0943834875787,-0.133266708302,1.19412674265
1.20791863715,4.96929651168,0.203641079521,0.298389507985,0.918703307417,0.258742989211,-0.951091588051,0.30890903376,2.68750572809e-13,0.00618220958859,-5.51078116473e-09,0.999980926514,4.67870180669,0.407132524732,-0.0892047713539,-0.131264723142,1.2380269525
1.23707100771,5.06657142605,0.223743689542,0.267718744634,0.963467394021,-0.00756666571769,-0.043999746046,0.00438031607773,-0.999021939288,0.00527576589957,-6.04698247031e-09,0.999986112118,4.7802511527,5.05173234108,0.0074217622163,0.00448973447249,1.299743538
1.2632544869,5.16347698701,0.203740352924,0.250574858558,0.935158103238,-0.250382831294,0.960120598244,-0.206922278041,0.188020232097,0.00527576729655,-5.89619242319e-09,0.999986112118,4.8806317401,1.33119106624e-14,0.100844869301,0.128701429337,1.2901583822
1.28960278333,5.26181016798,0.177412248429,0.250574858558,0.935158103238,-0.250382831294,-0.542391415923,0.349841686934,0.763820886083,0.0104179969057,-5.18465803623e-09,0.999945759773,4.9824337401,6.66597192707e-15,0.105228744726,0.129446653117,1.28998773756
1.31595107976,5.36014334895,0.151084143935,0.250574858558,0.935158103238,-0.250382831294,-0.0177981161856,-0.254140274362,-0.967003592551,0.00804452598095,-5.93382765146e-09,0.999967634678,5.0842357401,2.91593519309e-15,0.103205584592,0.129102466545,1.29006605432
1.34229937619,5.45847652991,0.12475603944,0.250574858558,0.935158103238,-0.250382831294,0.748178133124,-0.351195083668,-0.562931163041,0.00831497274339,-5.44935430113e-09,0.999965488911,5.1860377401,3.71701971713e-14,0.103436135332,0.129141662278,1.29005709143
1.36864767262,5.55680971088,0.0984279349457,0.250574858558,0.935158103238,-0.250382831294,-0.155636798565,-0.216356624326,-0.963829340725,0.00647540343925,1.73191447295e-10,0.999979019165,5.2878397401,1.23242010785e-14,0.101867788927,0.128875130779,1.29011825162
1.39499597489,5.65514290016,0.075536684388,0.25834054877,0.964139445041,-0.0607889083415,0.0157332113673,0.0587176075589,0.998150644253,-1.90819446832e-13,1.77791386214e-12,1,5.38964174964,5.12439554377,0.0233267944297,0.0304326599456,1.30793139938
1.42134427652,5.75347608852,0.0750000029802,0.258819045103,0.965925826289,0,0.965925826289,-0.258819045103,0,-4.97379698192e-13,3.44841234561e-12,1,5.49144375813,6.38831755151e-14,-2.60150594883e-12,1.60108960289e-12,1.308996939
1.44769257295,5.85180926949,0.0750000029802,0.258819045102,0.965925826289,0,-0.965925826278,0.258819045145,0,-4.97379698192e-13,5.11277695528e-12,1,5.59324575813,3.68311990086e-11,-3.64907288316e-12,2.40491598331e-12,1.308996939
1.47391618045,5.95011100388,0.0750000029802,0.251700386622,0.967805205284,0,-0.967805205284,0.251700386622,0,-4.97379698192e-13,4.0608870433e-12,1,5.69498517319,0.424251281857,-2.97447536868e-12,1.90247847812e-12,1.31635952067
1.49378675075,6.04823286468,0.0750000029802,0.134727314336,0.990882712924,0,-0.990882712924,0.134727314336,0,-4.97379698192e-13,1.9508583117e-12,1,5.79509880427,1.30933304491,-1.57043306326e-12,9.33030572743e-13,1.43565806417
1.50074870767,6.14969484273,0.0750000029802,0.00187979367221,0.999998233186,0,-0.999998233186,0.00187979367221,0,-4.97379698192e-13,1.9508583117e-12,1,5.8967993541,1.30933304491,-1.47417497317e-12,9.74959946844e-13,1.56891653202
1.49416825444,6.25118227776,0.0750000029802,-0.131001058659,0.991382228321,0,-0.991382228321,-0.131001058659,0,-4.97379698192e-13,2.20722723952e-12,1,5.99849990392,1.30933304491,-1.48929922441e-12,1.12668156307e-12,1.70217499986
1.47416207273,6.35089563959,0.0750000029802,-0.261559058323,0.965187473504,0,-0.965187473504,-0.261559058323,0,-4.97379698192e-13,3.64906195538e-12,1,6.10020045374,1.30933304491,-1.91239354295e-12,1.82606152743e-12,1.8354334677
1.44108490328,6.44706685512,0.0750000029802,-0.387479208778,0.92187844251,0,-0.92187844251,-0.387479208778,0,-4.97379698192e-13,2.51104887751e-12,1,6.20190100356,1.30933304491,-1.37258892523e-12,1.25380306009e-12,1.96869193554
1.39556967449,6.53801897876,0.0750000029802,-0.502662029419,0.864483015554,0,-0.864483015554,-0.502662029419,0,-1.90819446832e-13,1.21146278773e-12,1,6.30360609118,1.03667112953,7.72840167874e-13,5.71603347181e-13,2.09747168646
1.34041298339,6.62352896915,0.0750000029802,-0.578978114716,0.815343082806,0,-0.815343082806,-0.578978114716,0,-1.90819446832e-13,1.07780397021e-12,1,6.40536177421,0.872764435634,7.23855691716e-13,4.94630147653e-13,2.18827113955
1.27787194535,6.70379780197,0.0750000029802,-0.649033897292,0.760759489041,0,-0.760759489041,-0.649033897292,0,-5.40108627582e-14,1.88217562196e-12,1,6.50711867551,0.872764435633,1.51888247188e-12,7.33468922598e-13,2.2771101558
1.20845591582,6.77820130864,0.0750000029802,-0.713970631799,0.700175647198,0,-0.700175647198,-0.713970631799,0,-5.40108627582e-14,1.88217562196e-12,1,6.6088755768,0.872764435634,1.58305631209e-12,6.78207852025e-13,2.36594917205
1.13271239159,6.8461526552,0.0750000029802,-0.773276150432,0.634069393027,0,-0.634069393027,-0.773276150432,0,8.76485892193e-15,7.87953740884e-13,1,6.7106324781,0.872764435634,7.02975575494e-13,2.46419846925e-13,2.4547881883
1.05123640057,6.90711729604,0.0750000029802,-0.826515531697,0.562913915145,0,-0.562913915145,-0.826515531697,0,-1.53030840495e-13,1.85183097155e-12,1,6.81239211915,0.887657796874,1.62454612975e-12,5.84451894441e-13,2.54368552694
0.96512930526,6.96045446654,0.0750000029802,-0.867502560656,0.49743271631,0,-0.49743271631,-0.867502560656,0,-3.42068821185e-13,1.98203215993e-12,1,6.91368025083,0.71492546801,1.72008979635e-12,6.41336609712e-13,2.62095579365
0.876603399126,7.00824237254,0.0750000029802,-0.890357066967,0.455262883729,0,-0.455262883729,-0.890357066967,0,-4.71845002306e-13,1.93899410417e-12,1,7.01428104614,0.436344788157,1.66847060735e-12,6.51431289857e-13,2.66892520522
0.784966511095,7.05255977565,0.0750000029802,-0.909694734838,0.415277605234,0,-0.415277605234,-0.909694734838,0,-4.87264688234e-13,2.76637827229e-12,1,7.11607177001,0.436344788157,2.48731425297e-12,7.96038532723e-13,2.7133447088
0.691452102467,7.09276433814,0.0750000029802,-0.927237786141,0.374473080411,0,-0.374473080411,-0.927237786141,0,-3.22944416434e-13,2.83548011459e-12,1,7.21786249388,0.436344788157,2.64048026101e-12,6.80628619349e-13,2.75776421238
0.596244655465,7.12877674575,0.0750000029802,-0.942951612509,0.332929807118,0,-0.332929807118,-0.942951612509,0,-0.00433227187023,-1.46598344575e-09,0.999990582466,7.31965321775,0.436344788158,-0.00109235183828,0.00204256942742,2.80218260035
0.499499336305,7.16053485744,0.0750000077275,-0.956870887474,0.29051351896,2.70430803934e-06,-0.290512345912,-0.95686705015,0.00283288015169,1.19348853174e-13,4.15543630321e-13,1,7.42147774543,0.474324934075,2.00738777319e-07,-1.35215401641e-06,2.84682919469
0.401482568893,7.1888343891,0.0795670174837,-0.944731566049,0.288138864796,0.156391376697,0.285045821239,0.486259096314,0.826015115507,1.19348853174e-13,4.15543630321e-13,1,7.52349808745,2.16156640616,0.0116770320087,-0.0786472789854,2.84694583975
0.306166868834,7.22499594559,0.0970765533885,-0.895985659165,0.410276646808,0.169949320838,0.416333126521,0.90921214673,-2.92450001812e-14,0.00927490275353,-1.57121393674e-09,0.999956965446,7.62544288058,1.27151596759,0.02148420277,-0.0897824240812,2.7145862312
0.216593535353,7.27348191765,0.11465517303,-0.833424887661,0.525851865998,0.169949320838,0.533614460294,0.845727856799,-6.2980328843e-14,4.96706231701e-09,-3.26030957787e-09,1,7.72729704867,1.27151596759,0.0246092991875,-0.0855840785561,2.58190677445
0.134504765887,7.33325827602,0.132180689227,-0.75629628864,0.631769856939,0.169949320838,0.641096006382,0.767460689938,-1.20174151912e-13,6.09595485201e-09,-6.00273031282e-09,1,7.82884397916,1.27151596759,0.0308744623577,-0.0856064756515,2.4496599334
0.0609677805436,7.40351006331,0.149732757147,-0.665651390215,0.726653600453,0.169949320838,0.737380418134,0.675477696858,-1.7915021876e-14,6.09595485201e-09,-6.00273031282e-09,1,7.93054452897,1.27151596759,0.0374594981502,-0.0856354647609,2.31725269779
-0.00258327838525,7.48290946347,0.167284272736,-0.563219949559,0.808676338112,0.169781826459,0.816503156413,0.576220200441,-0.035956587323,-9.93410798067e-10,-2.93389823547e-09,1,8.03224507881,1.27243963461,0.0443981280218,-0.0855864734108,2.18488511427
-0.0548594130584,7.57013239755,0.16837842528,-0.443279826929,0.879185228883,-0.174746468783,0.894344792752,0.420646453295,-0.152328437951,9.57931778345e-09,-9.43119093932e-09,1,8.13393398914,1.49617686013,0.141919419739,0.0893268889479,2.01896505973
-0.0934428252644,7.66419023969,0.150204284212,-0.301750976656,0.937028837751,-0.175850235456,0.951861764999,0.30652761757,-6.89682668202e-14,7.94728638454e-09,-5.86838488914e-09,1,8.23559793243,1.48045688649,0.120761289214,0.0895295560957,1.86619876535
-0.116996760335,7.76308800325,0.132025356724,-0.15301940727,0.972451415593,-0.175850235456,0.987845073204,0.155441665416,-3.29662759844e-14,7.94728638454e-09,-5.86838488914e-09,1,8.33726186652,1.48045688649,0.102942438012,0.0892641280946,1.71310301891
-0.124953005696,7.86444013029,0.113846429236,-0.000596739945162,0.984416750463,-0.175850235456,0.999999816269,0.000606186186134,3.79032072429e-14,7.94728638454e-09,-5.86838488914e-09,1,8.43892580062,1.48045688649,0.0880859976936,0.089075046673,1.55961613724
-0.117119642678,7.96580182877,0.0956675017484,0.1518403218,0.972636217383,-0.175850235456,0.988032800359,-0.154243915324,6.25248132386e-14,7.94728638454e-09,-5.86838488914e-09,1,8.54058973471,1.48045688649,0.075369688763,0.0889365079032,1.40584586266
-0.0939334085873,8.06369704546,0.0780796483081,0.307978360625,0.942193013912,-0.131991113044,0.484669215154,-0.0359938155221,0.873956633436,1.16332033524e-13,1.17548481257e-13,1,8.64119328784,3.85120207402,0.0479018370173,0.0663755753074,1.25008842499
-0.0564403386946,8.15757445321,0.0750000029804,0.428683272162,0.903454842352,-3.13069716062e-10,0.903454842352,-0.428683272162,5.20391707874e-07,1.21998331576e-13,-1.75536289063e-13,1,8.74228086361,1.10931178617,9.92068498817e-11,1.56481712798e-10,1.12776149092
-0.00778965000389,8.24692106415,0.0750000029802,0.52622135637,0.850347625445,0,0.850347625445,-0.52622135637,0,1.1669404863e-13,3.16345989118e-13,1,8.84401437036,1.09102559503,-1.59283191968e-13,1.65205480608e-13,1.01664554851
0.0505792151277,8.3304734981,0.0750000029802,0.617379200346,0.786665699634,0,0.786665699634,-0.617379200346,0,1.2850826089e-13,3.53376480638e-13,1,8.94593558326,1.09102559503,-2.03973249534e-13,1.78663741861e-13,0.905389525605
0.117597517671,8.40675781969,0.0750000029802,0.700607347691,0.713547016224,0,0.713547016224,-0.700607347691,0,1.83607279771e-13,6.18387448453e-13,1,9.04747744947,1.09102559503,-4.21791600838e-13,2.84942564005e-13,0.794548018434
0.192790000658,8.47528078484,0.0750000029802,0.775367656521,0.631510092731,0,0.631510092731,-0.775367656521,0,1.83607279771e-13,6.18387448453e-13,1,9.14920898957,1.09102559503,-4.58302446677e-13,2.66440530576e-13,0.683499253395
0.275923291197,8.53542613724,0.0750000029802,0.844417829442,0.535685102761,0,0.535685102761,-0.844417829442,0,1.98683585318e-13,1.11397295468e-12,1,9.25181799215,1.03230619899,-9.45247450863e-13,3.8225533928e-13,0.565318870009
0.363450514796,8.58659282957,0.0750000029802,0.878300870209,0.478108336457,0,0.478108336457,-0.878300870209,0,1.46654390021e-13,3.87149405416e-13,1,9.35320361873,0.436601552349,-3.098682652e-13,1.5695301828e-13,0.49849967045
0.453912171281,8.63326233225,0.0750000029802,0.898665080847,0.438635466493,0,0.438635466493,-0.898665080847,0,1.24265547396e-13,3.36999877873e-13,1,9.45499435394,0.436344675146,-2.78317206879e-13,1.29746603418e-13,0.454079709232
0.546356941964,8.6758688557,0.0750000029802,0.917256210483,0.39829768306,0,0.39829768306,-0.917256210483,0,-2.68041102822e-14,2.3874329705e-13,1,9.55678507781,0.436344675147,-2.36988233014e-13,3.52523327192e-14,0.409660217158
0.640602464483,8.71432835326,0.0750000029802,0.934037807451,0.357174151153,0,0.357174151153,-0.934037807451,0,-2.12211324901e-13,3.71919509079e-13,1,9.65857580169,0.436344675147,-4.17146772836e-13,-3.26866828374e-14,0.365240725083
0.736462814394,8.7485649533,0.0750000029802,0.948976765575,0.315345997912,0,0.315345997912,-0.948976765575,0,-3.96508401199e-13,8.25041478279e-13,1,9.76036652557,0.436344675146,-8.98589692692e-13,-5.80518659036e-14,0.320821233009
0.833749045272,8.77851049728,0.0750157112257,0.962076551929,0.272758556959,0.00338789512668,0.159378786649,-0.572155066774,0.804510398895,-2.14388050498e-13,5.63044077508e-13,1,9.86215722417,0.779567054107,-0.000235485396533,-0.00169395208949,0.276260176508
0.932838029811,8.80145898532,0.0926731071308,0.956151921516,0.15179201049,0.250464944718,0.156789572268,-0.987632031694,3.66207042097e-09,-1.07441053938e-13,6.38572257138e-13,1,9.96386887523,1.43186078165,-0.00991612993586,-0.127098773229,0.155515147563
1.0340412534,8.80955325128,0.118965521969,0.968123365249,0.00211213786837,0.250464944719,0.00218167737459,-0.999997620139,6.87702102302e-15,3.48926345716e-14,1.33663360328e-12,1,10.0653952738,1.43186078188,-0.000137127964939,-0.127089312434,0.00215507170122
1.13555150004,8.80185852003,0.14532931612,0.956742834543,-0.148021822775,0.250464944719,-0.152895256759,-0.988242399647,-8.73512653418e-15,1.57651485182e-12,-1.57359021646e-11,1,10.1671967427,1.43186078188,0.00966687041402,-0.127098303491,-0.15162164878
1.23450964019,8.77855954943,0.171657420614,0.922283586827,-0.294381210228,0.250464944719,-0.304073344585,-0.952648624159,8.54167398743e-15,1.005137488e-12,-1.40999301124e-09,1,10.2688606769,1.43186078188,0.019575092628,-0.127126184732,-0.305167575239
1.32866658364,8.74021863742,0.197985525109,0.86557726244,-0.43363961329,0.250464944719,-0.447916656961,-0.894075314734,-8.89088063592e-14,-9.30317142767e-11,-1.57677659818e-09,1,10.3705246112,1.43186078188,0.0297255143293,-0.127174337486,-0.458666885395
1.41575544334,8.68776618339,0.222966204759,0.80734688035,-0.574877642849,0.133066564325,0.00935586557576,-0.213007703044,-0.977005724765,-1.17127193361e-11,-1.17514276088e-09,1,10.4721894007,8.0381064487,0.0212899522015,-0.0668283517604,-0.616629050026
1.49688413659,8.62628769823,0.210866434142,0.78099889955,-0.599281533207,-0.1757906791,-0.620315863218,-0.711709183826,-0.329663870477,-1.17127193361e-11,-1.17514276088e-09,1,10.5739807019,1.02564816471e-13,-0.029890908906,0.0885868126738,-0.650495807149
1.57764909334,8.56431456724,0.192687501237,0.78099889955,-0.599281533207,-0.1757906791,-0.296902560613,-0.108641146365,-0.94870752649,-1.42328995811e-11,-1.41081757388e-09,1,10.6757827019,2.09470022671e-14,-0.0298909086937,0.0885868127435,-0.650495807162
1.65843010702,8.50236315013,0.175516779225,0.7895951664,-0.601136573959,-0.123183978852,0.305714807452,0.559434147897,-0.770436169109,-1.18333190469e-10,-1.4324815778e-09,1,10.7775842257,0.683957264412,-0.0207963730597,0.0618278418499,-0.648772278286
1.74447111801,8.44853804547,0.144802141677,0.854676029646,-0.395221797846,-0.336643156555,0.419719882775,0.907653689467,3.70622069859e-16,6.57057533382e-11,-3.3444971792e-10,1,10.8790741142,2.32368733627,-0.0372753902287,0.173132609962,-0.423144079906
1.84134270557,8.41858507784,0.108444286701,0.92859164586,-0.156169588538,-0.336643156555,0.165849863928,0.986151014112,7.14663588146e-14,-1.3847360758e-10,9.49744616285e-10,1,10.9804707845,2.32368733627,-0.0141487282401,0.172975566708,-0.162826129523
1.94269127836,8.41514854854,0.0760328305685,0.989981182137,0.0924702260272,-0.106707620688,0.0811109782094,0.246164471976,0.965828174134,1.31917046731e-10,9.06735853068e-10,1,11.0818776035,8.11238726572,0.00248813102157,0.0534940485596,0.0929355409512
2.0437149771,8.42792319958,0.0750000029802,0.991444861374,0.13052619222,0,0.13052619222,-0.991444861374,0,1.2658699089e-10,8.70875149772e-10,1,11.1837057893,4.36124442013e-14,-8.54739987138e-10,1.19588019417e-10,0.1308996939
2.14460638908,8.44120580596,0.0750000029802,0.991444861374,0.13052619222,0,0.13052619222,-0.991444861374,0,1.57279828809e-13,-3.18678395304e-12,1,11.2854677893,3.71813684484e-13,3.18857116469e-12,-1.30012248374e-13,0.1308996939
2.24553745886,8.45449363338,0.0750000029802,0.991444861374,0.13052619222,0,0.13052619222,-0.991444861374,0,3.9967801204e-13,2.66425488442e-12,1,11.3872697893,5.20455664979e-13,-2.61367598451e-12,3.72006878204e-13,0.1308996939
2.34646852864,8.4677814608,0.0750000029802,0.991444861374,0.13052619222,0,0.13052619222,-0.991444861374,0,7.10539699994e-13,3.97053180265e-12,1,11.4890717893,1.54224148227e-12,-3.88388994072e-12,6.11359665825e-13,0.1308996939
2.44739959841,8.48106928822,0.0750000029802,0.991444861374,0.13052619222,0,0.13052619222,-0.991444861374,0,6.57249970594e-13,3.65333588034e-12,1,11.5908737893,1.38430591245e-12,-3.57327509539e-12,5.64241563673e-13,0.1308996939
2.54831574394,8.49445993801,0.0750000029802,0.99009782274,0.140379134506,0,-0.140379134506,0.99009782274,0,7.46069330447e-13,1.7252132882e-12,1,11.6926744667,0.729169320116,-1.63799189906e-12,4.90432783962e-13,0.140844330635
2.64779342879,8.51548558458,0.0750000029802,0.959719266761,0.280960725028,0,-0.280960725028,0.959719266761,0,4.16333146343e-13,2.11387808299e-12,1,11.7943498698,1.52769781782,-1.98297277942e-12,4.96739830377e-13,0.284795010709
2.74284949944,8.55153969596,0.0750000029802,0.904639479489,0.426177676739,0,-0.426177676739,0.904639479489,0,1.38777878078e-13,1.48326305665e-12,1,11.896013804,1.52769781782,-1.36744236449e-12,3.78838775432e-13,0.440263305889
2.83117639266,8.60187770793,0.0750000029802,0.827738208444,0.561114478768,0,-0.561114478768,0.827738208444,0,-6.00114982664e-14,2.28603312495e-12,1,11.9976777382,1.52769781782,-2.11518345049e-12,6.16526237646e-13,0.595731601068
2.91064350956,8.66528537976,0.0750000029802,0.730870446555,0.682516219846,0,-0.682516219846,0.730870446555,0,-3.00060188285e-13,3.09490562518e-12,1,12.0993416724,1.52769781782,-2.83999812691e-12,9.46509082137e-13,0.751199896248
2.97933407313,8.74023338933,0.0750000029802,0.616363548833,0.787461729654,0,-0.787461729654,0.616363548833,0,-3.44169056319e-13,-2.97718799483e-13,1,12.2010058139,1.53199347733,2.12646022093e-14,-2.23287710871e-13,0.906679956549
3.0349933171,8.82332606682,0.0750000029802,0.517193868208,0.855868274145,0,-0.855868274145,0.517193868208,0,-5.19909419336e-13,2.47512167012e-12,1,12.3010175356,0.343353754668,-2.24675044288e-12,9.24742074201e-13,1.02722733236
3.0894249221,8.90944015938,0.0750000029802,0.561000259627,0.827815624822,0,0.827815624822,-0.561000259627,0,-5.19909419336e-13,1.84325840182e-12,1,12.4028921476,0.654540624307,-1.79171483703e-12,6.17104393188e-13,0.975202708725
3.14924954503,8.99168395679,0.0750000029802,0.614832166126,0.788657978782,0,0.788657978782,-0.614832166126,0,-5.09077968582e-13,1.60479322973e-12,1,12.5045928247,0.654540624307,-1.62079279814e-12,4.76317737385e-13,0.908623187405
3.21446393827,9.06982207387,0.0750000029802,0.665976738066,0.745972509114,0,0.745972509114,-0.665976738066,0,-5.19909419336e-13,1.48313327765e-12,1,12.6063694548,0.654540624307,-1.54575146171e-12,3.8006453665e-13,0.841993924193
3.2847360606,9.14344483701,0.0750000029802,0.71416582741,0.699976550293,0,0.699976550293,-0.71416582741,0,-5.19909419336e-13,1.96907724501e-12,1,12.7081460848,0.654540624307,-1.9757767042e-12,5.03503178291e-13,0.775364660981
3.35975854793,9.21222901457,0.0750000029802,0.759237526259,0.650813628254,0,0.650813628254,-0.759237526259,0,-4.87414904445e-13,1.54968453434e-12,1,12.8099283853,0.672838080986,-1.61189703921e-12,3.19246064066e-13,0.708655583795
3.43877198639,9.2760627626,0.0750000029802,0.784303117162,0.620377804575,0,-0.620377804575,0.784303117162,0,-4.11594803379e-13,2.70111060255e-12,1,12.9115053061,0.338025456647,-2.60902511778e-12,6.76446989113e-13,0.669224318833
3.51551869011,9.34067231961,0.0750000029802,0.743549342861,0.668681071013,0,-0.668681071013,0.743549342861,0,-1.99839642989e-13,1.62750509684e-12,1,13.0118270455,0.654540624306,-1.52395317925e-12,4.69845608004e-13,0.732433540972
3.58888580064,9.41121131252,0.0750000029802,0.697378706405,0.716702825342,0,-0.716702825342,0.697378706405,0,-1.94965503702e-13,1.46719149417e-12,1,13.1136036755,0.654540624308,-1.35621717523e-12,4.5778774921e-13,0.799062804184
3.65739363193,9.48647856622,0.0750000029802,0.648113231177,0.761543984005,0,-0.761543984005,0.648113231177,0,-8.76792562166e-13,1.22833590088e-12,1,13.2153803056,0.654540624307,-1.54864622602e-12,1.83585477556e-13,0.865692067395
3.72073815879,9.56614005845,0.0750000029802,0.595971548319,0.803005550164,0,-0.803005550164,0.595971548319,0,-2.09189761867e-12,-5.93680183139e-12,1,13.3171569357,0.654540624307,3.37131650074e-12,-3.00699814178e-12,0.932321330607
3.77866731812,9.64989182184,0.0750000582485,0.540754619196,0.841180385589,2.68201031733e-05,-0.841079641169,0.540689361432,0.0154936001413,4.53546401824e-11,3.37995798017e-10,1,13.4189908464,0.731116426379,-7.32149360355e-06,-1.34098971688e-05,0.999462379857
3.83274938114,9.73642405965,0.0915885548275,0.503265467841,0.719947032775,0.47791227111,0.238510214244,-0.647300684135,0.723957665903,1.14659295947e-10,1.88650006727e-09,1,13.5210334734,4.09057926195,-0.125781413098,-0.256186622389,0.909508573282
3.90305943614,9.80950103213,0.150227313662,0.689874641013,0.523283563181,0.500247231069,0.60433545197,-0.796729980289,1.59254391048e-13,2.21194174088e-11,2.00751681945e-09,1,13.6224422883,2.29319748541,-0.0851461836098,-0.268027899226,0.612074035471
3.99241377949,9.85749108477,0.208851197108,0.831765528971,0.287001242695,0.475180377865,0.554875663891,-0.455589361054,-0.696097214272,2.21194174088e-11,2.00751681945e-09,1,13.7238683393,4.65949321819,-0.0403111432463,-0.251756128094,0.315935107225
4.09207188572,9.87810776451,0.215744869329,0.958873195252,0.127507924425,-0.253582185169,-0.214466265299,-0.259732584214,-0.941564233468,1.78029049835e-11,2.04067296394e-09,1,13.8256366331,0.998301959189,0.00842582153583,0.128726576937,0.130544637582
4.19304984879,9.89140772172,0.188489471776,0.957684229469,0.12608152071,-0.258736094817,-0.140567841579,0.989333963447,-0.038196736551,2.12345453721e-11,1.90369964237e-09,1,13.9274867086,8.39717405951e-13,0.00851349194548,0.131426560499,0.129189413685
4.29398091857,9.90469554914,0.161221077835,0.957684229469,0.12608152071,-0.258736094817,-0.111116272887,0.991215269933,0.0717318796018,2.64724856619e-11,2.54637422259e-09,1,14.0292887086,9.78907514758e-13,0.00851349130878,0.131426560542,0.129189413728
4.39491198834,9.91798337656,0.133952683894,0.957684229469,0.12608152071,-0.258736094817,-0.104387067391,0.989893073447,0.0959950170725,-6.18773782213e-11,1.89213977819e-09,1,14.1310907086,1.13506302869e-12,0.00851349194892,0.131426560457,0.129189413684
4.49584305812,9.93127120398,0.106684289954,0.957684229469,0.12608152071,-0.258736094817,-0.0691828481165,0.973431294599,0.218277915103,6.26518975588e-11,-3.17898873892e-10,1,14.2328927086,7.14232770659e-13,0.00851349415216,0.131426560379,0.129189413537
4.59541186096,9.94437968719,0.0802130434432,0.969483725961,0.127635151802,-0.209309754005,0.207518588501,0.0273241388029,0.977849388641,-1.15205282814e-10,-2.69179734058e-10,1,14.333320687,4.49772184085,0.00687782113126,0.105732118114,0.129795749095
4.69605477897,9.95762961822,0.0750000029938,0.991444861011,0.130526194976,-1.71479727363e-08,0.0050797670752,-0.0385845295207,0.999242428066,-1.16128981431e-10,-2.79795825397e-10,1,14.4348320539,1.89035009223e-05,8.29183063069e-10,8.49815828497e-09,0.130899696679
4.79699030479,9.9709180323,0.0750000029802,0.991444861374,0.13052619222,0,-0.13052619222,0.991444861374,0,3.55266949756e-13,-1.83172869234e-11,1,14.5366385484,1.47447586971e-12,1.82737619931e-11,-1.01932906108e-12,0.1308996939
4.89705251992,9.98409098657,0.0750000029802,0.99145715991,0.130432741528,0,0.130432741528,-0.99145715991,0,3.55267003966e-13,-1.99373243609e-11,1,14.637564133,0.0149291842701,1.9886967206e-11,-1.12412393018e-12,0.13080543741
4.99735718601,9.99589624544,0.0750000029802,0.996864435851,0.0791283548117,0,0.0791283548117,-0.996864435851,0,5.32902931852e-13,-1.84889551585e-11,1,14.738561114,1.09589765682,1.84916108587e-11,-4.6588431168e-13,0.0792111626917
5.09906154278,9.99830393643,0.0750000029802,0.9994926211,-0.0318512223686,0,-0.0318512223686,-0.9994926211,0,5.32902986062e-13,-9.76971021444e-12,1,14.8402939659,1.09102542017,9.75450045661e-12,4.21904907424e-13,-0.0318566103415
5.20040494761,9.98942584244,0.0750000029802,0.989806394881,-0.142419453208,0,-0.142419453208,-0.989806394881,0,5.32903094482e-13,-1.51175565122e-11,1,14.9420255061,1.09102542018,1.49834862841e-11,1.34025251154e-12,-0.142905357589
5.30014024367,9.96937149188,0.0750000029802,0.967926588631,-0.251233196493,0,-0.251233196493,-0.967926588631,0,7.10536447387e-13,-1.13221125184e-11,1,15.0437570462,1.09102542017,1.10059330314e-11,1.76611881933e-12,-0.253954104837
5.39703877621,9.93838793742,0.0750000029802,0.934122743111,-0.356951958675,0,-0.356951958675,-0.934122743111,0,7.10536447387e-13,-1.13221125184e-11,1,15.1454885863,1.09102542017,1.07567974574e-11,2.35258924754e-12,-0.365002852085
5.48990682809,9.89685685596,0.0750000029802,0.888808747304,-0.458278311417,0,-0.458278311417,-0.888808747304,0,8.04901880824e-13,-2.19735362718e-12,1,15.2472201241,1.09256463512,1.79310988174e-12,8.61201671123e-13,-0.476057154686
5.57715776026,9.84461829796,0.0750000029802,0.818212668038,-0.574915671958,0,-0.574915671958,-0.818212668038,0,1.08245617331e-12,-1.31441749845e-11,1,15.3489137429,1.52768503127,1.14671568485e-11,4.22123577358e-12,-0.612501080595
5.65555044188,9.77988698411,0.0750000029802,0.71932280476,-0.694675969465,0,-0.694675969465,-0.71932280476,0,1.17622350661e-12,-1.73971930612e-11,1,15.4505776772,1.52769764183,1.43095273413e-11,6.46574817377e-12,-0.767969336664
5.72297446518,9.70379784821,0.0750000029802,0.603081611262,-0.797679490872,0,-0.797679490872,-0.603081611262,0,1.05619755563e-12,-2.69181135715e-11,1,15.5522416114,1.52769764183,2.08919355074e-11,1.10545002263e-11,-0.923437613947
5.77780344537,9.6181862926,0.0750000029802,0.472293039645,-0.881441594607,0,-0.881441594607,-0.472293039645,0,1.24343450033e-12,-1.06940307304e-11,1,15.6539055456,1.52769764183,6.95215249339e-12,5.00671447977e-12,-1.07890589123
5.81871481201,9.52511741702,0.0750000029802,0.330111937892,-0.943941792941,0,-0.943941792941,-0.330111937892,0,1.2131084982e-12,-1.5305111345e-11,1,15.7555694798,1.52769764183,9.17574982413e-12,7.42379792067e-12,-1.23437416851
5.84435854997,9.42751464422,0.0750000029802,0.176708932439,-0.984263152412,0,-0.984263152412,-0.176708932439,0,1.2131084982e-12,-1.24709079868e-11,1,15.8564848035,0.979920615708,6.23295055314e-12,6.24451115811e-12,-1.39315457266
5.86143485424,9.32812919922,0.0750000029802,0.202964597864,-0.979186076297,0,0.979186076297,0.202964597864,0,1.21310828136e-12,-2.46250398545e-11,1,15.9573265947,1.09102535132,1.37238748108e-11,1.21793570941e-11,-1.3664117364
5.8875791043,9.22981447781,0.0750000029802,0.310228451305,-0.950662036689,0,0.950662036689,0.310228451305,0,1.21310838978e-12,-2.22587503984e-11,1,16.0590581348,1.09102535106,1.35652986526e-11,1.07684448625e-11,-1.25536299618
5.92445761738,9.13500265612,0.0750000029802,0.413670552341,-0.910426644011,0,0.910426644011,0.413670552341,0,8.88167577678e-13,-1.30708872545e-11,1,16.160789675,1.09102535106,8.54866136389e-12,6.1337463949e-12,-1.14431425597
5.97161608135,9.0448617357,0.0750000029802,0.512016581687,-0.858975564308,0,0.858975564308,0.512016581687,0,8.88167415048e-13,-1.49987210152e-11,1,16.2625212151,1.09102535106,1.07054167421e-11,6.66914564586e-12,-1.03326551575
6.02847354377,8.96050217653,0.0750000029802,0.604054999353,-0.796942631408,0,0.796942631408,0.604054999353,0,5.77307244978e-13,-1.29059731652e-11,1,16.3642527552,1.09102535106,9.97749323433e-12,5.31702277131e-12,-0.922216775535
6.09432840529,8.88296199086,0.0750683630898,0.688406790039,-0.725240617927,0.0110515852949,0.415588320037,0.406877348718,0.813472292921,6.715412189e-13,-6.00218659497e-12,1,16.4659844768,1.80872989539,0.00237365957943,-0.0055259706716,-0.811428474035
6.16743451524,8.81216322952,0.088960359291,0.730784783463,-0.659581235678,0.175801575079,0.670016322833,0.742346366016,9.10504429298e-14,-3.50718109068e-12,2.67454981773e-11,1,16.5677536663,0.634311251981,0.0338630539577,-0.088609272683,-0.729696105032
6.24521747473,8.74652563632,0.107139286779,0.773078140086,-0.609462054209,0.175801575079,0.619104217007,0.785308836372,2.03448969124e-13,4.26436316814e-11,2.40639331378e-11,1,16.6695302963,0.634311251981,0.030537523189,-0.0885949888645,-0.663512028397
6.32719799017,8.68621247426,0.125318214267,0.811940717878,-0.556638192053,0.175801575079,0.565444640347,0.824786250312,-2.74227411035e-15,4.95564908554e-11,3.35109474892e-11,1,16.7713069264,0.634311251983,0.0272878086739,-0.0885824554128,-0.597317845268
